//type	pos_x	pos_y	pos_z	dir_x	dir_y	dir_z	size	h	R		G		B//
cone	12		-10		5		-1		0		1		0.3		0.1	255		125		50
cone	0		-40		0		0		0		1		0.3		0.1	255		0		125
cyl		-10		-80		0		0		0		1		2		5	175		155		75
sphere	-10		-82		9		/		/		/		1.8		/	200		0		0
cyl		10		-80		0		0		0		1		2		5	175		155		75
sphere	10		-82		9		/		/		/		1.8		/	0		200		0
cyl		-10		-15		0		0		0		1		2		5	175		155		75
sphere	-10		-17		9		/		/		/		1.8		/	0		0		200
cyl		10		-15		0		0		0		1		2		5	175		155		75
plan	0		0		-12		0		0		1		/		/	0		255		75
plan	0		0		12		0		0		1		/		/	0		75		255
plan	-20			0		1		0		0		/		/	125		125		125
plan	20		0		0		1		0		0		/		/	125		125		125
spot	10		-150		5		1		0.2		0.2		2		2	255		255		255
spot	-15		-100		5		1		1		1		2		2	255		255		255
/end
